,60,   plus et ans,59 - 50,ans/,49- 40,ans/,39 - 30,ans/,29 - 20,ans/,19 - 15,ans/,14 - 10,ans/,9 -5,ans/,4 - 0,ans/,  Population
Bizerte Nord,12.87,13.39,13.64,14.10,14.95,7.55,7.37,7.69,8.45
Zarzouna,11.07,11.65,13.64,14.67,17.32,7.71,7.03,8.20,8.73
Bizerte Sud,10.89,10.46,14.15,16.60,14.80,6.94,7.30,8.51,10.34
Sedjnene,13.36,10.03,12.15,14.14,15.39,8.68,8.09,8.47,9.70
Djoumine,14.35,9.89,12.12,13.22,17.08,8.46,8.02,7.86,9.00
Mateur,12.93,11.82,13.44,15.77,15.86,7.12,6.49,7.26,9.30
Ghezella,15.13,10.61,11.94,15.16,17.53,7.82,6.91,6.45,8.46
Menzel Bourguiba,13.62,12.28,13.93,14.89,14.41,7.18,7.13,7.77,8.79
Tinja,13.35,14.50,12.83,12.83,16.56,8.58,6.68,7.57,7.10
Utique,10.89,9.90,13.82,16.90,15.45,7.77,6.66,8.29,10.31
Ghar El Meleh,10.81,10.27,13.25,15.69,16.73,7.88,7.82,8.02,9.53
Menzel Djmil,9.81,12.61,13.36,14.97,16.54,8.29,7.55,7.68,9.19
El Alia,9.72,9.41,12.46,14.78,16.85,8.50,7.79,9.62,10.87
Ras Djbel,10.55,11.10,13.25,15.52,16.31,8.19,8.20,7.77,9.11
Total,12.14,11.54,13.28,14.96,15.83,7.80,7.40,7.90,9.17
Total Tunisie,11.19,10.69,12.79,15.30,16.90,7.93,7.53,8.13,9.55,5472251,  ,,,,,,,,,,,,,,,,   10            )%(


