, Superieur, Secondaire, Primaire,  Neant, 15    plus et 15ans occupes les
Bizerte Nord,7.09,33.43,46.30,13.17
Zarzouna,--,--,--,--
Bizerte Sud,5.84,34.40,46.00,13.76
Sedjnene,4.49,27.32,30.89,37.30
Djoumine,5.10,24.80,33.13,36.98
Mateur,3.54,35.02,41.13,20.30
Ghezella,5.71,33.70,34.29,26.29
Menzel Bourguiba,5.77,28.55,45.18,20.49
Tinja,3.72,31.55,44.20,20.54
Utique,6.10,29.88,35.58,28.45
Ghar El Meleh,4.92,31.08,56.57,7.44
Menzel Djmil,6.42,38.34,40.69,14.55
El Alia,6.33,35.79,41.46,16.42
Ras Djbel,8.40,29.26,48.39,13.95
Total,5.54,31.15,39.39,23.92
Total Tunisie,8.14,31.01,39.78,21.06,909540,  ,,,,
