,60,   plus et ans,59 - 50,ans/,49- 45,ans/,44 - 40,ans/,39 - 35,ans/,34 - 30,ans/,29 - 25,ans/,24 -20,ans/,19 - 15,ans/,    15   ,Population au chomage 15 ans et,plus,
Bizerte Nord,0.54,1.84,1.95,4.49,10.70,21.89,37.62,17.84,3.14
Zarzouna,0.33,4.16,3.00,2.50,10.48,19.13,32.45,22.46,5.49
Bizerte Sud,1.00,1.81,1.99,4.35,7.34,22.10,27.99,23.28,10.14
Sedjnene,0.82,2.46,3.61,4.27,5.42,15.27,30.71,24.79,12.64
Djoumine,0.66,0.99,0.66,1.32,5.59,10.86,36.84,31.91,11.18
Mateur,0.48,3.09,3.77,4.55,9.48,15.47,32.59,22.73,7.83
Ghezella,0.80,4.23,3.42,3.62,7.44,12.88,29.58,25.75,12.27
Menzel Bourguiba,0.48,2.39,3.14,5.19,11.69,20.03,30.96,21.33,4.78
Tinja,0.49,2.11,3.57,6.48,10.53,14.26,35.98,21.39,5.19
Utique,0.59,2.37,1.78,4.14,7.69,16.57,27.81,23.67,15.38
Ghar El Meleh,0.48,0.48,0.96,2.39,9.09,14.83,35.41,27.27,9.09
Menzel Djmil,0.48,2.29,2.01,3.82,8.89,17.97,38.24,19.12,7.17
El Alia,0.31,0.31,1.88,2.82,8.46,19.44,36.68,21.63,8.46
Ras Djbel,0.31,0.63,0.63,2.04,8.95,21.66,37.52,21.66,6.59
Total,0.56,2.22,2.49,4.12,9.29,18.57,33.80,21.81,7.14
Total Tunisie,0.71,2.44,2.85,4.75,9.74,20.77,32.95,19.89,5.90,267172,  ,,,
Total sexe                                                                                                     
