, Superieur, Secondaire, Primaire,  Neant,, 10   plus et ans 10 Population
Bizerte Nord,5.29,33.10,44.39,17.23
Zarzouna,--,--,--,--
Bizerte Sud,2.95,30.68,46.46,19.91
Sedjnene,2.40,27.14,33.05,37.41
Djoumine,2.64,27.32,34.35,35.69
Mateur,1.99,31.59,42.05,24.38
Ghezella,2.74,30.70,36.01,30.55
Menzel Bourguiba,3.21,27.71,44.32,24.76
Tinja,2.63,28.37,42.86,26.14
Utique,3.41,29.91,35.93,30.74
Ghar El Meleh,2.66,29.80,54.37,13.16
Menzel Djmil,3.97,36.24,44.34,15.45
El Alia,4.31,33.72,42.01,19.95
Ras Djbel,5.54,29.36,48.35,16.75
Total,3.01,29.67,39.59,27.73
Total Tunisie,4.79,31.35,40.64,23.22,1432287,  ,,,,
