; 1             ;loin plus que 1 km de la plus proche source d'eau liee au SONEDE ou GR;   source non controlee;    privee source autre  publique ou;        
Bizerte Nord;0.00;0.23;0.45;16.62;82.71
Zarzouna;--;--;--;--;--
Bizerte Sud;1.64;1.80;3.78;15.19;79.23
Djoumine;13.81;26.70;5.39;19.21;48.70
Mateur;12.53;15.98;2.28;25.94;55.80
Ghezella;13.07;28.39;5.27;10.98;55.36
Menzel Bourguiba;1.26;2.02;7.42;0.05;90.51
Tinja;0.36;0.00;1.26;0.72;98.02
Utique;0.73;3.69;3.92;1.65;90.74
Ghar El Meleh;0.23;0.00;1.22;1.19;97.60
Menzel Djmil;0.00;0.00;1.93;0.07;98.00
El Alia;0.12;0.00;0.82;0.00;99.18
Ras Djbel;0.04;0.16;1.37;0.49;97.97
Total;7.55;13.39;6.89;11.63;68.09

