;   Non;Declare;  Autres services;    ;Education. Sante et services administratifs;   Transport; Commerce;    et Batiment travaux publiques;  Industrie manufacturiere
Bizerte Nord;0.41;9.39;53.19;1.23;8.56;0.82;25.55;0.55;0.31
Zarzouna;0.33;8.29;27.95;0.54;8.70;0.58;52.98;0.37;0.25
Bizerte Sud;0.12;8.91;26.72;0.87;6.69;0.87;53.59;0.58;1.66
Sedjnene;0.61;5.08;32.83;0.45;7.13;3.64;23.35;0.23;26.69
Djoumine;0.48;12.40;26.25;0.48;5.80;7.25;30.11;0.16;17.07
Mateur;0.34;5.07;19.59;0.43;4.60;1.01;62.72;0.22;6.03
Ghezella;0.17;3.52;12.75;0.22;3.36;1.85;50.78;0.28;27.07
Menzel Bourguiba;0.27;5.65;26.08;0.38;5.90;0.71;59.10;0.38;1.53
Tinja;0.23;5.23;32.61;0.69;7.54;0.37;51.62;0.42;1.30
Utique;0.29;3.26;12.67;0.77;5.28;0.86;61.32;0.86;14.68
Ghar El Meleh;0.24;4.25;19.90;1.28;4.74;0.88;64.61;0.40;3.69
Menzel Djmil;0.12;4.72;23.69;0.82;7.07;0.69;59.43;0.29;3.17
El Alia;0.16;2.61;22.45;0.57;6.32;1.31;61.41;0.42;4.75
Ras Djbel;0.23;3.47;22.45;0.47;5.48;1.58;65.08;0.18;1.06
Total;0.27;6.08;29.02;0.70;6.52;1.10;51.70;0.38;4.23

