Total milieu; total féminin
;60+;59-50;49-40;39-30;29-20;19-15;14-10;9-5;4-0
Bizerte Nord;13.41;12.33;15.05;15.39;15.23;7.41;6.61;6.94;7.64
Zarzouna;12.15;10.94;13.66;16.46;18.87;6.70;6.47;6.95;7.81
Bizerte Sud;11.24;9.91;13.51;17.13;16.15;6.90;7.18;8.09;9.88
Sedjnene;12.82;10.52;12.50;15.34;15.86;7.97;7.76;7.72;9.52
Djoumine;13.70;10.83;13.33;13.91;15.94;8.59;7.90;7.76;8.03
Mateur;13.50;11.54;13.58;16.37;16.07;6.73;6.60;6.74;8.87
Ghezella;15.21;11.64;13.02;15.64;16.68;7.37;6.37;6.13;7.95
Menzel Bourguiba;14.70;12.47;13.69;15.63;15.12;6.66;6.69;7.10;7.93
Tinja;13.16;13.73;14.84;13.56;16.41;8.18;6.40;6.52;7.19
Utique;11.35;9.57;13.33;16.95;14.72;7.65;7.31;8.23;10.88
Ghar El Meleh;11.81;10.13;12.86;15.82;16.88;7.72;7.31;7.72;9.74
Menzel Djmil;10.65;10.68;14.35;15.19;18.45;8.28;6.83;7.28;8.29
El Alia;10.45;8.65;12.03;14.34;18.28;8.26;8.39;8.51;11.08
Ras Djbel;11.27;10.38;13.19;15.73;17.00;8.66;7.11;7.81;8.85
Total;12.63;11.13;13.67;15.61;16.37;7.58;6.99;7.36;8.67

