; Superieur; Secondaire; Primaire;  Neant
Bizerte Nord;44.46;38.28;13.89;3.36
Zarzouna;26.35;48.13;19.11;6.41
Bizerte Sud;20.45;44.25;26.04;9.26
Sedjnene;23.81;31.39;17.82;26.99
Djoumine;23.23;36.61;22.10;18.06
Mateur;17.38;52.58;19.44;10.61
Ghezella;13.19;40.25;23.81;22.75
Menzel Bourguiba;20.80;42.91;27.43;8.87
Tinja;21.68;45.21;26.96;6.16
Utique;15.85;35.93;28.72;19.50
Ghar El Meleh;20.37;39.45;35.85;4.33
Menzel Djmil;23.20;44.14;26.08;6.58
El Alia;22.44;38.10;30.90;8.56
Ras Djbel;23.91;38.45;31.35;6.29
Total;25.33;42.17;23.93;8.57

