; Divorce; Veuf; Marie; celibataire
Bizerte Nord;0.85;1.33;60.50;37.33
Zarzouna;0.78;1.34;56.29;41.59
Bizerte Sud;0.36;1.22;61.30;37.11
Sedjnene;0.23;1.28;60.89;37.61
Djoumine;0.27;1.87;56.15;41.71
Mateur;0.56;1.65;57.76;40.03
Ghezella;0.27;1.79;56.83;41.11
Menzel Bourguiba;0.74;1.56;59.13;38.57
Tinja;0.48;1.36;57.46;40.70
Utique;0.30;1.16;57.72;40.81
Ghar El Meleh;0.23;1.43;56.16;42.18
Menzel Djmil;0.46;0.94;59.11;39.49
El Alia;0.30;1.17;60.27;38.25
Ras Djbel;0.49;1.29;59.05;39.17
Total;0.51;1.37;58.99;39.13

