; Superieur; Secondaire; Primaire;  Neant
Bizerte Nord;26.49;46.28;23.01;4.22
Zarzouna;14.07;51.93;28.82;5.19
Bizerte Sud;7.41;41.44;39.46;11.70
Sedjnene;5.66;30.14;31.84;32.37
Djoumine;3.31;23.63;34.21;38.84
Mateur;10.05;41.76;35.13;13.07
Ghezella;3.48;31.75;37.42;27.35
Menzel Bourguiba;11.87;40.77;36.47;10.90
Tinja;12.94;43.62;36.06;7.38
Utique;4.14;28.66;36.95;30.25
Ghar El Meleh;6.96;35.25;49.87;7.92
Menzel Djmil;13.95;44.44;35.93;5.68
El Alia;9.17;39.05;40.08;11.70
Ras Djbel;12.93;37.07;42.61;7.39
Total;11.97;39.38;35.41;13.24

