;   Non;Declare;  Autres services;    ;Education. Sante et services administratifs;   Transport; Commerce;    et Batiment travaux publiques;  Industrie manufacturiere
Bizerte Nord;0.12;5.74;12.54;3.75;6.21;38.69;14.89;2.11;15.94
Zarzouna;--;--;--;--;--;--;--;--;--
Bizerte Sud;0.10;5.05;10.69;5.35;9.15;28.78;21.03;2.28;17.56
Sedjnene;0.09;2.36;15.22;3.54;8.41;36.58;4.19;0.55;29.07
Djoumine;0.14;1.80;9.68;1.66;5.17;27.94;4.71;0.65;48.25
Mateur;0.06;2.00;8.82;4.07;6.79;14.30;12.92;0.87;50.16
Ghezella;0.03;2.63;13.07;2.88;7.07;26.70;9.18;1.33;37.10
Menzel Bourguiba;0.06;2.10;8.02;4.15;6.26;18.37;29.92;1.25;29.86
Tinja;0.57;1.91;9.75;6.31;8.41;15.68;27.15;1.72;28.49
Utique;0.17;2.82;9.20;3.83;8.58;8.48;17.35;1.53;48.04
Ghar El Meleh;0.12;1.96;4.78;10.34;7.09;4.86;7.75;0.63;62.49
Menzel Djmil;0.00;3.72;5.48;4.82;7.17;13.95;38.40;1.89;24.58
El Alia;0.32;3.62;7.14;5.43;9.00;18.55;22.03;0.51;33.40
Ras Djbel;0.12;3.24;9.08;3.43;5.58;27.37;19.03;1.13;31.03
Total;0.11;2.88;10.40;4.07;7.41;23.43;13.75;1.18;36.77

