; ;Logement; ;Appar Ou Studio;   
Bizerte Nord;0.09;14.60;12.22;67.37;5.72
Zarzouna;0.05;0.90;8.06;84.91;6.08
Bizerte Sud;0.18;1.64;22.95;65.13;10.09
Djoumine;1.15;0.00;1.80;26.71;70.34
Mateur;0.58;1.48;3.16;70.94;23.84
Ghezella;1.82;0.01;1.95;25.49;70.73
Menzel Bourguiba;0.34;3.63;25.94;61.44;8.65
Tinja;0.11;0.30;11.19;81.73;6.67
Utique;0.66;0.00;36.16;42.46;20.72
Ghar El Meleh;0.25;0.69;9.99;72.15;16.92
Menzel Djmil;0.09;2.44;11.67;81.64;4.16
El Alia;0.14;0.26;3.54;88.04;8.03
Ras Djbel;0.09;1.17;8.03;81.57;9.13
Total;0.32;3.62;13.43;66.13;16.51

