; Divorce; Veuf; Marie; celibataire
Bizerte Nord;0.45;5.38;59.05;35.13
Zarzouna;--;--;--;--
Bizerte Sud;0.46;5.07;60.71;33.75
Sedjnene;0.37;4.72;61.90;33.01
Djoumine;0.38;5.29;57.88;36.45
Mateur;0.47;5.78;58.64;35.11
Ghezella;0.36;5.58;58.35;35.72
Menzel Bourguiba;0.45;5.90;60.23;33.41
Tinja;0.40;5.21;58.73;35.66
Utique;0.51;4.53;60.24;34.72
Ghar El Meleh;0.69;4.89;57.84;36.57
Menzel Djmil;1.08;5.29;60.38;33.25
El Alia;0.63;4.45;62.50;32.41
Ras Djbel;0.90;5.44;59.90;33.75
Total;0.48;5.14;59.79;34.59

